26
0.4231 	 0.1150 	 0.1440 	 0.3179
0.3539 	 0.1707 	 0.0957 	 0.3797
0.3506 	 0.1566 	 0.1707 	 0.3221
0.3315 	 0.1221 	 0.1233 	 0.4231
27
0.4231 	 0.1150 	 0.1440 	 0.3179
0.3539 	 0.1707 	 0.0957 	 0.3797
0.3506 	 0.1566 	 0.1707 	 0.3221
0.3315 	 0.1221 	 0.1233 	 0.4231
28
0.4231 	 0.1150 	 0.1440 	 0.3179
0.3539 	 0.1707 	 0.0957 	 0.3797
0.3506 	 0.1566 	 0.1707 	 0.3221
0.3315 	 0.1221 	 0.1233 	 0.4231
29
0.4231 	 0.1150 	 0.1440 	 0.3179
0.3539 	 0.1707 	 0.0957 	 0.3797
0.3506 	 0.1566 	 0.1707 	 0.3221
0.3315 	 0.1221 	 0.1233 	 0.4231
30
0.4231 	 0.1150 	 0.1440 	 0.3179
0.3539 	 0.1707 	 0.0957 	 0.3797
0.3506 	 0.1566 	 0.1707 	 0.3221
0.3315 	 0.1221 	 0.1233 	 0.4231
31
0.4186 	 0.1190 	 0.1472 	 0.3152
0.3497 	 0.1740 	 0.1025 	 0.3738
0.3462 	 0.1620 	 0.1740 	 0.3177
0.3260 	 0.1270 	 0.1284 	 0.4186
32
0.4141 	 0.1229 	 0.1504 	 0.3125
0.3455 	 0.1773 	 0.1094 	 0.3678
0.3419 	 0.1674 	 0.1773 	 0.3134
0.3205 	 0.1319 	 0.1335 	 0.4141
33
0.4096 	 0.1269 	 0.1537 	 0.3098
0.3413 	 0.1806 	 0.1163 	 0.3619
0.3375 	 0.1728 	 0.1806 	 0.3091
0.3150 	 0.1368 	 0.1386 	 0.4096
34 	  	  	 
0.4051 	 0.1309 	 0.1569 	 0.3071
0.3371 	 0.1838 	 0.1232 	 0.3559
0.3332 	 0.1782 	 0.1839 	 0.3047
0.3095 	 0.1417 	 0.1437 	 0.4051
35 	  	  	 
0.4006 	 0.1349 	 0.1601 	 0.3044
0.3329 	 0.1871 	 0.1300 	 0.3499
0.3288 	 0.1837 	 0.1872 	 0.3004
0.3041 	 0.1465 	 0.1488 	 0.4006
36 	  	  	 
0.3961 	 0.1389 	 0.1633 	 0.3017
0.3287 	 0.1904 	 0.1369 	 0.3440
0.3244 	 0.1891 	 0.1905 	 0.2960
0.2986 	 0.1514 	 0.1539 	 0.3961
37 	  	  	 
0.3916 	 0.1429 	 0.1666 	 0.2990
0.3245 	 0.1937 	 0.1438 	 0.3380
0.3201 	 0.1945 	 0.1937 	 0.2917
0.2931 	 0.1563 	 0.1591 	 0.3916
38 	  	  	 
0.3871 	 0.1469 	 0.1698 	 0.2963
0.3203 	 0.1970 	 0.1507 	 0.3321
0.3157 	 0.1999 	 0.1970 	 0.2874
0.2876 	 0.1612 	 0.1642 	 0.3870
39 	  	  	 
0.3826 	 0.1509 	 0.1730 	 0.2935
0.3161 	 0.2003 	 0.1575 	 0.3261
0.3114 	 0.2053 	 0.2003 	 0.2830
0.2821 	 0.1661 	 0.1693 	 0.3825
40 	  	  	 
0.3781 	 0.1549 	 0.1762 	 0.2908
0.3119 	 0.2036 	 0.1644 	 0.3201
0.3070 	 0.2107 	 0.2036 	 0.2787
0.2766 	 0.1710 	 0.1744 	 0.3780
41 	  	  	 
0.3735 	 0.1589 	 0.1795 	 0.2881
0.3077 	 0.2068 	 0.1713 	 0.3142
0.3027 	 0.2161 	 0.2069 	 0.2743
0.2711 	 0.1759 	 0.1795 	 0.3735
42 	  	  	 
0.3690 	 0.1629 	 0.1827 	 0.2854
0.3035 	 0.2101 	 0.1782 	 0.3082
0.2983 	 0.2215 	 0.2102 	 0.2700
0.2656 	 0.1808 	 0.1846 	 0.3690
43 	  	  	 
0.3645 	 0.1668 	 0.1859 	 0.2827
0.2993 	 0.2134 	 0.1850 	 0.3022
0.2940 	 0.2269 	 0.2135 	 0.2657
0.2601 	 0.1856 	 0.1897 	 0.3645
44 	  	  	 
0.3600 	 0.1708 	 0.1891 	 0.2800
0.2951 	 0.2167 	 0.1919 	 0.2963
0.2896 	 0.2323 	 0.2167 	 0.2613
0.2547 	 0.1905 	 0.1948 	 0.3600
45 	  	  	 
0.3555 	 0.1748 	 0.1924 	 0.2773
0.2909 	 0.2200 	 0.1988 	 0.2903
0.2853 	 0.2377 	 0.2200 	 0.2570
0.2492 	 0.1954 	 0.1999 	 0.3555
46 	  	  	 
0.3510 	 0.1788 	 0.1956 	 0.2746
0.2867 	 0.2233 	 0.2057 	 0.2844
0.2809 	 0.2431 	 0.2233 	 0.2526
0.2437 	 0.2003 	 0.2050 	 0.3510
47 	  	  	 
0.3465 	 0.1828 	 0.1988 	 0.2719
0.2825 	 0.2265 	 0.2125 	 0.2784
0.2765 	 0.2486 	 0.2266 	 0.2483
0.2382 	 0.2052 	 0.2101 	 0.3465
48 	  	  	 
0.3420 	 0.1868 	 0.2020 	 0.2691
0.2783 	 0.2298 	 0.2194 	 0.2724
0.2722 	 0.2540 	 0.2299 	 0.2439
0.2327 	 0.2101 	 0.2152 	 0.3420
49 	  	  	 
0.3375 	 0.1908 	 0.2053 	 0.2664
0.2741 	 0.2331 	 0.2263 	 0.2665
0.2678 	 0.2594 	 0.2332 	 0.2396
0.2272 	 0.2150 	 0.2203 	 0.3375
50 	  	  	 
0.3330 	 0.1948 	 0.2085 	 0.2637
0.2699 	 0.2364 	 0.2332 	 0.2605
0.2635 	 0.2648 	 0.2365 	 0.2353
0.2217 	 0.2198 	 0.2254 	 0.3330
51 	  	  	 
0.3285 	 0.1988 	 0.2117 	 0.2610
0.2657 	 0.2397 	 0.2400 	 0.2546
0.2591 	 0.2702 	 0.2398 	 0.2309
0.2162 	 0.2247 	 0.2306 	 0.3285
52 	  	  	 
0.3240 	 0.2028 	 0.2149 	 0.2583
0.2615 	 0.2430 	 0.2469 	 0.2486
0.2548 	 0.2756 	 0.2430 	 0.2266
0.2107 	 0.2296 	 0.2357 	 0.3240
53 	  	  	 
0.3195 	 0.2067 	 0.2182 	 0.2556
0.2573 	 0.2462 	 0.2538 	 0.2426
0.2504 	 0.2810 	 0.2463 	 0.2222
0.2052 	 0.2345 	 0.2408 	 0.3195
54 	  	  	 
0.3150 	 0.2107 	 0.2214 	 0.2529
0.2531 	 0.2495 	 0.2607 	 0.2367
0.2461 	 0.2864 	 0.2496 	 0.2179
0.1998 	 0.2394 	 0.2459 	 0.3150
55 	  	  	 
0.3105 	 0.2147 	 0.2246 	 0.2502
0.2489 	 0.2528 	 0.2675 	 0.2307
0.2417 	 0.2918 	 0.2529 	 0.2136
0.1943 	 0.2443 	 0.2510 	 0.3105
56 	  	  	 
0.3060 	 0.2187 	 0.2279 	 0.2475
0.2447 	 0.2561 	 0.2744 	 0.2248
0.2373 	 0.2972 	 0.2562 	 0.2092
0.1888 	 0.2492 	 0.2561 	 0.3060
57 	  	  	 
0.3015 	 0.2227 	 0.2311 	 0.2448
0.2405 	 0.2594 	 0.2813 	 0.2188
0.2330 	 0.3026 	 0.2595 	 0.2049
0.1833 	 0.2541 	 0.2612 	 0.3014
58 	  	  	 
0.2970 	 0.2267 	 0.2343 	 0.2420
0.2363 	 0.2627 	 0.2882 	 0.2128
0.2286 	 0.3081 	 0.2628 	 0.2005
0.1778 	 0.2589 	 0.2663 	 0.2969
59 	  	  	 
0.2924 	 0.2307 	 0.2375 	 0.2393
0.2321 	 0.2659 	 0.2950 	 0.2069
0.2243 	 0.3135 	 0.2660 	 0.1962
0.1723 	 0.2638 	 0.2714 	 0.2924
60 	  	  	 
0.2879 	 0.2347 	 0.2408 	 0.2366
0.2279 	 0.2692 	 0.3019 	 0.2009
0.2199 	 0.3189 	 0.2693 	 0.1919
0.1668 	 0.2687 	 0.2765 	 0.2879
61 	  	  	 
0.2834 	 0.2387 	 0.2440 	 0.2339
0.2237 	 0.2725 	 0.3088 	 0.1949
0.2156 	 0.3243 	 0.2726 	 0.1875
0.1613 	 0.2736 	 0.2816 	 0.2834
62 	  	  	 
0.2789 	 0.2427 	 0.2472 	 0.2312
0.2195 	 0.2758 	 0.3157 	 0.1890
0.2112 	 0.3297 	 0.2759 	 0.1832
0.1558 	 0.2785 	 0.2867 	 0.2789
63 	  	  	 
0.2744 	 0.2467 	 0.2504 	 0.2285
0.2153 	 0.2791 	 0.3226 	 0.1830
0.2069 	 0.3351 	 0.2792 	 0.1788
0.1504 	 0.2834 	 0.2918 	 0.2744
64 	  	  	 
0.2699 	 0.2506 	 0.2537 	 0.2258
0.2111 	 0.2824 	 0.3294 	 0.1771
0.2025 	 0.3405 	 0.2825 	 0.1745
0.1449 	 0.2883 	 0.2970 	 0.2699
65 	  	  	 
0.2654 	 0.2546 	 0.2569 	 0.2231
0.2069 	 0.2857 	 0.3363 	 0.1711
0.1982 	 0.3459 	 0.2858 	 0.1702
0.1394 	 0.2932 	 0.3021 	 0.2654
66 	  	  	 
0.2609 	 0.2586 	 0.2601 	 0.2204
0.2027 	 0.2889 	 0.3432 	 0.1651
0.1938 	 0.3513 	 0.2891 	 0.1658
0.1339 	 0.2980 	 0.3072 	 0.2609
67 	  	  	 
0.2564 	 0.2626 	 0.2633 	 0.2176
0.1986 	 0.2922 	 0.3501 	 0.1592
0.1894 	 0.3567 	 0.2923 	 0.1615
0.1284 	 0.3029 	 0.3123 	 0.2564
68 	  	  	 
0.2519 	 0.2666 	 0.2666 	 0.2149
0.1944 	 0.2955 	 0.3569 	 0.1532
0.1851 	 0.3621 	 0.2956 	 0.1571
0.1229 	 0.3078 	 0.3174 	 0.2519
69 	  	  	 
0.2474 	 0.2706 	 0.2698 	 0.2122
0.1902 	 0.2988 	 0.3638 	 0.1473
0.1807 	 0.3676 	 0.2989 	 0.1528
0.1174 	 0.3127 	 0.3225 	 0.2474
70 	  	  	 
0.2429 	 0.2746 	 0.2730 	 0.2095
0.1860 	 0.3021 	 0.3707 	 0.1413
0.1764 	 0.3730 	 0.3022 	 0.1485
0.1119 	 0.3176 	 0.3276 	 0.2429
